a 0 4542 5611 4437 1 5941
ai 5961 5497 13 459 4547 11 8 4 9 7 5761 14 12 10 2 3 4381 5110 5 6 6590 4546 5266
an 4396 20 22 17 912 3989 5923 21 6754 16 4677 4127 15 6048 5339 23 19 4748 18
ang 26 4489 24 25
ao 6617 5151 4533 29 4614 33 31 6194 5035 5103 4752 4372 32 5417 30 4149 6669 6741 35 34 4110 6290 27 3002 28
ba 50 36 6623 43 40 4259 4617 53 4186 6709 45 38 44 47 4993 48 42 5879 6432 52 46 41 51 49 37 39
bai 57 56 201 4446 58 61 55 60 5540 54 4385 59 5542
ban 63 70 4012 76 6404 62 73 6107 5873 67 6117 75 64 65 69 74 66 72 68 4100 71
bang 79 81 86 80 78 87 83 88 4306 85 82 84 4908 77
bao 89 4289 93 6161 6512 3920 90 92 4994 94 96 5684 6027 98 2123 100 103 99 91 2030 95 97 102 2031 6595 2124 105 5133 101 104
bei 112 118 114 119 113 120 152 4750 106 109 4035 107 4301 110 3789 6619 4015 108 4791 4446 6693 117 115 116 6049 5781 111 6160
ben 5504 121 4082 966 124 123 4084 5944 122
beng 129 128 4131 85 127 125 130 5466 126 4558
bi 146 5824 147 1843 152 4750 4167 141 4950 136 5122 5070 744 145 149 151 6156 4689 5166 143 5895 6349 132 4813 135 5279 4339 6702 4233 6527 6423 4265 150 5837 154 139 138 4445 5062 1841 3770 142 133 131 5100 137 140 134 6402 3882 5504 6001 4469 153 4204 148 4984 6379 144 6367
bian 6287 156 164 5686 161 4081 155 160 158 165 4862 166 4771 5788 162 159 6163 5758 6346 6129 4178 5198 6667 163 3804 157
biao 6153 5154 5699 167 5996 5286 5648 6720 5647 5643 6110 169 6675 5974 168 5097 170
bie 173 174 172 171 6511
bin 176 5973 179 3895 5627 5209 5427 178 180 6730 177 5231 4657 5388 175 6706
bing 3939 187 183 184 189 4033 2100 182 6068 186 5300 5388 4398 185 3935 188 181
bo 190 93 202 195 4420 5886 196 197 6040 210 191 94 208 6539 203 3789 193 207 205 194 201 6390 206 66 4509 200 3929 2106 204 5799 5414 198 4730 55 6523 199 192 6512 5542
bu 210 5492 5021 215 218 212 211 97 219 217 216 6499 214 209 4430 5885 213 5465 2117 5870
ca 267 5797 4580 220
cai 221 226 225 222 227 229 224 230 228 231 223
can 271 238 236 233 5054 237 235 234 5276 232 5148 6437 6753
cang 240 239 243 242 3841 5462 241
cao 244 4960 247 4149 248 4554 5064 245 6415 6301 246
ce 3481 253 250 249 4786 252 251
cen 4907 233 4615
ceng 4571 3471 254 255
cha 3474 265 6139 258 5995 5415 4854 260 263 261 5087 259 257 4704 5363 4580 256 4733 5958 262 5288 4188 2367 264 266 5374
chai 265 3861 269 5868 267 6101 6216 268
chan 4975 4761 3980 6316 271 5054 3918 278 474 274 5101 5156 277 4980 272 6560 276 5518 4283 275 4754 5057 5722 270 5982 273 279
chang 4261 5099 287 2671 4768 2673 283 289 284 5117 282 4802 4668 292 4079 5549 285 4171 291 3840 4837 6654 290 5484 288 286 281 2398 280
chao 5489 5678 295 1264 4781 293 298 300 296 294 297 301 409 6177 299
che 302 344 5754 303 5064 307 304 305 306 4105
chen 312 4999 309 317 311 5259 308 5572 4369 4005 313 5372 314 6593 4539 315 5783 3982 319 316 310 3841
cheng 2193 6150 323 4120 2445 327 326 5832 328 329 325 320 330 3763 5903 332 318 321 5321 324 331 6488 6239 5907 5487 322 4571 5623 319 5297
chi 336 345 343 6229 342 6033 5812 5112 346 4526 347 6347 4660 341 333 4106 6105 339 340 337 6475 6536 3897 334 5563 348 335 338 4049 4727 4431 6296 4486 6165 344 4145 626 5815 6714 4551 4191 6380
chong 352 6395 3320 6416 349 4221 3625 351 3627 350 4765 353 5921 4819
chou 362 6116 354 363 4598 358 355 6611 4804 360 365 361 359 357 3865 356 364
chu 379 5173 6745 375 3090 371 380 370 4063 378 4820 368 381 374 6154 6553 3755 5395 366 376 5348 367 5296 372 373 377 6258 369 4774
chuai 382 4514 4566 4403 6543 5630
chuan 384 6399 5556 5225 388 5031 4716 387 383 5865 385 386 389
chuang 395 390 392 394 4769 391 393
chui 399 4021 5354 3686 400 5371 396 398 397
chun 403 6275 406 401 407 5592 5578 404 4251 402 405 6050
chuo 6534 5009 4514 409 408 6600 5447 1934
ci 6443 265 3705 4470 412 6436 413 414 421 410 415 2574 5718 417 6053 411 420 418 4205 416 419
cong 5155 4922 427 5272 426 5298 423 422 4172 425 5257 424
cou 5449 5617 428 5360
cu 6557 6481 429 4317 3733 430 432 6510 4701 5419 4662 431
cuan 435 3443 433 3912 5698 434 5989 4417
cui 441 437 440 2542 442 438 5385 5545 436 443 5271 4269 439 4505 4806 6605
cun 618 6173 445 4760 446 444
cuo 5757 5606 6088 5999 448 6547 6506 451 450 3794 447 452 5933 449 6101 4647
da 455 458 5077 453 4357 6159 4465 456 6686 454 6077 6338 5747 481 457 4516 6684 4776
dai 4428 470 5018 468 5358 459 460 464 467 469 3959 4442 5140 461 5174 6744 458 5237 466 462 4623 465 463 4134
dan 471 484 482 476 4979 6368 475 474 479 6077 5809 483 477 5516 4508 472 5425 480 4006 478 5634 2458 6097 3827 473 6189 481 3905 485 4268
dang 490 5752 488 489 487 5907 4996 3994 4272 4078 486 6145
dao 493 496 501 492 5554 4598 5700 4434 498 6464 500 3808 4759 491 497 502 494 499 495
de 504 525 505 503 5945
dei 504
deng 510 5459 4572 506 511 5991 327 6389 5795 509 508 507 512 4656
di 521 5766 514 3775 516 522 4037 5358 531 527 513 526 3956 524 5786 6698 5318 530 4106 4560 6424 2696 3913 523 5093 517 5521 519 5819 520 529 5981 525 3990 505 4246 528 515 518
dia 4545
dian 4659 542 4013 5890 534 546 547 538 535 533 544 4103 6538 545 5236 541 532 539 6387 540 3782 6120 536 6122 537 543
diao 549 5918 548 550 556 6565 4239 554 555 553 552 551 6658 5908 1960
die 563 6662 4112 562 557 560 559 4391 6022 6542 5566 561 4515 558 4136 3847 6187
ding 5615 6188 5228 5782 3828 5912 572 571 5836 564 6476 568 566 570 567 6069 565 4510 569
diu 5913 573
dong 575 576 582 6030 4455 583 5583 4620 578 5775 577 580 5596 574 4720 579 5557 4628 4113 581
dou 585 4916 596 589 584 590 6227 6132 6383 5877 588 587 591 586 4314
du 4916 601 6750 593 591 5350 4535 4152 594 592 600 598 604 6320 605 596 597 620 595 603 602 5565 599 6330 6707
duan 609 5683 5370 607 6385 608 606 610 611
dui 613 619 5986 614 615 612 5741 5729 5780
dun 4859 618 5666 619 5986 6507 617 621 214 620 623 5794 5755 622 624 5807 616
duo 630 6546 4457 628 4477 4873 629 634 625 5186 5898 4824 5320 635 631 627 633 636 2777 603 6158 626 632
e 645 644 638 4085 6204 4237 648 4841 5621 1 5932 4809 646 637 3986 5095 4444 3766 647 639 5957 6663 6076 6052 649 5053 640 4165 642 641 1995 5430 643 4288
ei 3974
en 650 4300 4543 4402
er 5015 3854 658 6035 653 656 654 6634 651 5241 655 652 5901 657
fa 663 659 5760 661 665 4086 666 660 664 662
fan 4606 670 676 683 4675 4350 6556 667 674 4330 678 677 5694 681 5341 682 669 4371 679 672 673 671 675 5562 5840 668 680
fang 689 687 690 686 6622 5875 693 684 6405 691 5300 4661 694 3800 688 685 4032 692
fei 705 5964 704 6092 6652 5612 6377 5066 4921 698 706 703 4801 696 5183 4684 702 695 4162 700 5653 5707 697 5380 701 6587 5769 6265 699 6454
fen 710 6661 708 6755 715 3887 711 709 5231 720 714 716 712 717 707 4991 718 721 5349 713 719
feng 728 5759 4855 3874 4062 4496 724 733 4279 723 726 730 722 729 735 734 725 731 736 732 727
fo 737
fou 738 214 6322
fu 780 4243 5061 744 775 742 750 740 6281 741 5803 5714 782 769 5343 762 778 5136 5128 3923 760 4605 4997 6278 783 761 751 4212 4008 4780 768 759 6259 767 4370 770 5517 754 6665 749 776 6015 777 4439 779 745 4050 5172 6515 753 6220 5170 737 763 6007 6628 3924 5769 752 4952 755 4440 739 758 4266 747 771 4162 766 773 6465 748 743 5802 774 765 756 4159 772 781 5845 4192 757 746 764 6518
ga 784 1175 4452 785 4364 5859 3477 3852 1416 5126 5470 5127 827
gai 5460 790 3758 789 5510 1291 4017 787 4118 5600 791 788 786
gan 792 5751 4183 4418 6477 4365 4969 4920 798 6075 5399 5472 801 795 796 4867 2173 793 800 4101 799 5168 797 794 802
gang 805 811 6356 808 804 806 803 807 1433 5744 810 809 5846
gao 816 821 4345 818 819 5384 813 5386 815 817 5205 5931 5475 812 3780 814 4048 3972 820
ge 823 5162 6700 830 831 832 833 6147 790 6218 986 4541 6406 1418 5625 3252 822 826 834 838 6200 3832 5541 4069 5777 829 4140 827 837 4093 5967 824 825 836 835 3764 828
gei 839
gen 840 841 4483 4226 6448 3762
geng 848 844 4751 842 847 6639 1332 5178 845 846 4488 843
gong 849 853 6226 5577 861 858 850 854 4353 857 863 851 852 860 855 5242 6575 1015 856 862 859
gou 867 5036 5317 865 6341 5650 6376 868 5107 5199 6692 3966 5523 871 3848 1383 870 1363 872 864 866 4624 869
gu 5431 5651 887 5532 888 879 884 5530 4453 4861 885 5835 4636 882 876 878 890 873 874 6231 5631 877 5882 6573 6697 6655 6042 883 5847 875 4276 889 886 1181 6029 6480 881 3791 3954 5342 5948 6093 880
gua 892 4453 896 893 3962 3806 891 895 5590 4447 1511 5331 6037 894
guai 897 899 898 4384
guan 905 5856 6672 4390 910 2870 908 901 6067 903 909 4924 6174 900 4248 3884 906 1749 902 904 907
guang 913 4471 912 5595 4678 4956 5328 911
gui 4995 928 915 916 5335 922 3802 2273 6631 6017 927 917 5813 923 924 925 926 5494 4743 3813 921 929 918 3803 6680 5479 914 6386 920 919 1503 5073
gun 5185 932 3767 931 930 5790 3930 6645
guo 5356 938 4122 6192 5569 935 6267 4697 3917 6266 4583 933 4447 934 4638 2867 4600 937 936 4384
ha 833 2939 939 5916
hai 944 943 1449 940 945 6496 941 5600 1058 4549 946 942
han 960 953 5493 954 5676 4027 956 6761 4677 4847 948 964 958 959 957 5472 965 4277 4987 6203 961 6230 949 955 963 952 951 950 962 4412 947 6196
hang 968 1435 2992 4864 966 5176 3055 1461 6198 967 5334
hao 975 813 4340 4573 4544 4303 988 6209 971 969 4985 974 977 6019 976 6224 819 970 5473 972 973 4992
he 994 5162 992 5855 988 3955 986 985 979 987 6457 4447 984 995 5480 978 982 4538 6200 989 993 4068 981 983 991 4844 990 980 2950 4090
hei 997 4549 996
hen 1000 999 1001 4483 998
heng 5245 1003 1002 1005 1004 3055 4349 1006 5334
hong 4828 1011 1009 1008 3922 4332 1010 4334 3916 1014 1015 1012 1013 4230 4880 3949 1007
hou 1018 1022 4139 5019 1016 6441 1020 6100 6629 6699 1017 4665 1019 6375 1021
hu 5713 4618 6051 5669 4587 1028 1040 5398 4898 1026 5652 6212 4174 1030 6335 1033 6065 1025 4773 5437 1039 1035 1029 984 2936 5704 3940 982 5680 1031 1036 6697 6042 1027 1024 6570 4805 5706 5254 1038 6493 4703 4961 1037 1032 1034 4504 6023 1023
hua 5142 1110 1045 1043 5914 1047 1044 1049 1046 1048 1041 5333 5753 1042
huai 1054 1050 1051 6535 1052 1053 1047
huan 4883 1064 1061 4963 6731 5960 1063 5006 1057 1059 4911 4715 6647 1056 4064 5221 1055 5029 1060 4593 1068 1062 1067 4419 1065 1058 4044 4125 4264 1066
huang 1079 6109 1075 1082 6300 1077 1080 4932 1081 6374 1073 1071 4669 5032 1070 1074 4024 1078 1069 5269 5573 1076 6666 1072 4956
hui 1099 1051 1100 4208 1092 1094 1098 5335 3964 1093 4893 1085 1087 1091 1102 1084 4216 5249 1083 4531 5491 1103 5196 4824 1090 1101 1506 4889 1096 6734 636 1095 5047 5731 4464 4472 6311 1086 1088 1089 4323 6217 1097
hun 1108 3969 4840 4732 4949 5249 1107 1109 1105 1104 1106
huo 4347 5699 1113 4717 1119 4423 1110 1112 1116 5878 984 4581 6179 1117 3823 5949 1114 1118 1115 6314 5992 1111
ji 3756 6533 1120 4154 1155 830 3816 1171 1139 2125 1148 1157 6648 1144 5654 5533 1130 5224 4478 4891 1147 1140 1172 5046 4163 1126 6006 5157 6725 5366 1161 6736 839 1152 6449 1135 1170 1150 1165 6108 1138 5457 5853 3786 4328 6329 1167 1131 2137 6331 1166 1149 1129 1141 5750 1145 1151 1123 1154 4088 1163 5456 1128 3853 1290 6635 4653 1125 1136 1160 4607 1127 1162 1142 6585 1121 5519 5426 1132 1159 4462 4383 5515 1153 1134 5229 3890 2934 4432 6215 5052 1158 1146 6012 6530 3963 1133 2135 3783 4495 1169 1143 1164 1122 4219 1156 1137 1124 1168 4304
jia 5586 6345 4039 1184 1179 1175 5972 1182 5016 1188 1186 4621 6420 1174 6146 1183 1178 5904 1180 6522 5730 4373 1176 4295 3852 1185 4069 1189 6199 5455 1173 3021 1187 6082 5240 1177 6103 4886 1181 2210 6242 3791
jian 1223 1225 1227 6689 5616 1214 4273 5208 4584 1215 1199 6332 1213 1201 1226 1218 1216 5535 6514 1198 5461 1222 5818 6455 1217 1204 1194 5937 1224 1206 5526 1228 1211 2180 5546 1220 1221 1210 4307 5007 1200 6642 1202 6057 1205 4935 5453 6541 1219 1203 1209 1208 1212 1193 3999 3900 3983 1190 1192 1207 5295 5008 5357 1191 1229 1196 1197 1195 4404 6152
jiang 6447 1234 1232 5527 6184 2192 1237 5177 6474 810 1241 5218 1239 1236 1238 1233 1231 1240 1235 4222 4896 5796 1242 1230
jiao 1260 1248 1250 4374 6250 3862 1258 1400 1265 1267 5564 1262 1243 6531 1261 1252 6018 1246 1263 5085 1249 6062 4672 6500 3901 1256 4629 1247 4150 1269 4567 1253 1268 1254 6636 3010 1259 5159 1255 4930 1266 1257 1264 1270 1244 1245 1251 4220
jie 3963 1290 6632 1279 1275 1271 4527 1291 1276 1297 1282 1186 1289 5131 1273 1281 6146 1287 1285 6225 1280 5098 4373 1293 1277 6427 1278 1286 4006 1284 1295 6199 4478 1288 6694 5785 3890 4520 1421 3948 1296 1272 1294 5336 1274 1177 1292 6070 1283
jin 5392 1299 1309 4007 4753 1305 4574 5524 5511 5202 5268 4737 1312 1310 5858 1315 4227 1311 1304 1300 1317 1316 6174 1301 6142 5071 1303 1302 1314 1308 4256 1307 1298 1313 1306
jing 1321 1329 1340 5096 1336 1341 1337 1339 4011 5610 1328 1327 1320 1338 1333 1325 1334 1323 4252 6580 1332 1324 1322 3811 1331 5017 4882 5660 1326 1342 1317 1335 5574 3899 1330 4710 1319 6360 4817 5594 5058 1318
jiong 1344 3825 5705 5012 1343 5479
jiu 1349 6557 1350 5332 1353 6063 1348 1355 1358 4834 3902 6025 1357 1354 1359 1345 5307 1356 1351 1361 1352 6467 4523 6729 1346 1360 1347
ju 1380 1384 302 1366 1379 5368 5940 1382 1385 5409 1373 4166 5534 5317 6157 1365 1371 6690 1367 1362 4206 1370 926 5645 1386 6545 3886 1280 2211 6136 1375 1368 2255 1377 1376 3952 6502 1381 5375 6468 6610 4188 1364 1383 5260 1369 6594 1363 6608 1372 5041 1378 5872 1374 5056 5359 4386
juan 5951 1392 4906 5857 5968 4690 4054 5338 6607 1393 2261 1387 1390 1391 1389 1388
jue 1260 1394 1397 5697 5983 1258 1402 1401 4002 1400 4575 6571 4640 6554 3821 4325 4711 3796 4075 5403 1253 5344 1398 1395 5132 5233 4563 1399 6680 1396 1403
jun 6354 6172 1410 1408 1414 1411 1409 1413 1407 1412 1404 6607 1405 919 1406 6737 4378
ka 4451 1417 1418 1416 3845 5584 1415
kai 4284 1419 1421 2148 1423 4767 3814 4114 5955 1420 5936 5910 4787 1422
kan 1425 5458 4847 2183 4232 1426 1424 1214 1427 4077 1428 5833 1429 5800 3857
kang 1432 1431 1434 4830 1435 1433 5876 1436 3842 1430
kao 5537 1438 1439 5322 5899 1437 1440 5050
ke 1445 5432 1453 4619 5829 1454 6202 6232 5192 6133 5234 1444 5883 1443 1455 6701 5946 1452 1447 978 1446 6076 5146 1442 6280 6009 1448 1441 5916 4789 4941 1451 1449 5560 4536 1450
ken 6598 1458 6148 1456 1459 1457
keng 1460 5928 1461
kong 1465 4639 1463 1464 6369 1462 3885
kou 6348 4180 3848 1468 4433 1466 4320 1469 1467 5806
ku 1475 1470 1472 1473 1476 6696 4135 5175 1474 3812 1479 4529 1471
kua 3856 1481 1477 1480 1479 1478
kuai 1484 4686 4476 4893 5598 1485 1483 1482 4042 1098 4286 3819
kuan 1487 1486 6705
kuang 1491 1492 4029 5506 1490 1493 1494 3973 4095 1489 5164 1495 4461 3960 1488 4355
kui 5827 6525 6193 4522 1501 4399 1499 4025 6279 1502 5027 1504 1496 3778 1505 1500 1506 1497 5496 3919 4286 6373 1498 3803 4794 4519 4808 1503
kun 5255 1510 1509 1508 6653 1507 4795 4833 5947 6491 6721
kuo 6248 1514 1512 1511 5331 2485 1513
la 1515 1516 6098 5471 3815 1517 5045 5767 1520 1519 6118 1518 1759 1521
lai 5817 4903 6071 5926 1523 4976 4633 6118 1522 1524 6391 5513 4666
lan 1525 1538 5987 4616 5851 1536 1531 5655 1529 4959 1534 1526 5365 1533 1528 1537 1532 1539 1530 6164 1535 1527 4500
lang 1546 1543 1541 4309 4249 1545 6008 6273 1542 4511 1544 5938 4835 1540
lao 6086 1548 1762 6498 1553 6180 1549 1552 1547 1554 1639 5925 1550 4632 5323 1555 1759 5900 4487 1551
le 1566 6674 4866 4435 1640 3830 1557 1556 4553
lei 1566 1568 1561 1559 4553 1562 1564 6490 1558 5411 1556 1563 1567 5212 1560 5118 3938 3961 6175 1565
leng 1570 1569 4138 1571 4810
li 5703 1599 5852 1582 1600 4098 1581 6319 3869 6041 4946 5144 1574 1572 6582 4691 1598 1596 1578 1583 1586 1601 1605 6233 1589 6071 1592 5930 1585 5319 4346 5022 6342 5206 3764 4046 1577 5762 6503 5848 5113 5438 1591 1597 1603 1593 6433 4164 6640 1579 1595 1573 4518 6257 1575 1576 6073 1602 4794 4978 6520 4240 1588 6751 5290 1590 1587 1604 5088 6683 3867 4512 1580 5767 1584 6378 1594 4305 4443
lia 1606
lian 6151 1619 1613 1617 1610 4964 4316 4981 5423 1614 1609 1607 1611 1608 5364 1612 6149 1620 5635 1618 4356 6317 1616 5250 4242 6641 1615
liang 3939 6711 1624 1621 4249 1622 1625 1627 5355 6580 6532 4144 1631 1630 1628 1623 1629 1626 1606
liao 1643 1637 1632 1638 1641 1640 4564 5216 1644 5004 1633 1639 1636 4712 5863 4322 6061 1635 1634 1642 4363
lie 4466 4124 1649 4388 1646 1648 6561 3941 6732 6469 1645 1647 4885
lin 4318 5040 1658 4500 1659 1661 6559 5636 6438 1651 1657 1655 1653 4756 4655 1660 5413 4821 6743 1656 1652 1650 5834 1654 5451
ling 6190 4588 1674 1665 6650 1666 4061 5464 4874 1673 1663 6238 1662 4454 4193 1664 1667 1668 5347 5316 1669 1670 1569 1675 5181 1671 6451 1672
liu 1684 1720 1680 5970 1678 5152 5188 1681 5935 5688 1677 1686 5662 5038 6060 1685 4897 1682 6618 1676 1683 1712 1679
lo 1418
long 1689 1687 1983 4869 1695 6114 4102 5582 5306 1692 1690 1693 5235 1694 1688 5763 4185 1691
lou 6285 4648 6183 4528 3893 1698 5962 1696 1700 4292 6703 1697 1713 1699 6102 1701
lu 1711 1719 5550 1703 1715 1718 5585 1735 5433 1720 1714 5406 4104 5450 1713 4870 4967 1707 4925 6384 1708 5278 1686 4322 6066 6407 1709 1702 4415 5309 5443 4570 6626 5985 5030 1705 1716 6031 1704 1706 1717 1712 1721 1710
luan 1739 6613 1738 5084 6039 1740 1741 1736 3933 5337 1737
lue 5934 1742 1743
lun 1745 1746 1749 1744 1748 1750 1747 4586
luo 4876 5353 1554 6111 1756 1759 1754 1753 1418 1761 1755 4223 4962 6609 1757 5247 4377 1760 5777 5605 1762 3880 3937 6520 4409 1751 4698 1758 5977 1752
lv 5626 5373 1735 4832 1729 1730 1726 1723 6162 4377 1725 1732 1731 1724 1733 6005 3893 1727 1722 1734 1728
ma 1763 1805 1764 1887 5289 1770 1771 1769 4485 1767 1768 1765 1885 1766 4679 6293
mai 1776 1773 4228 1772 1774 4485 1777 1775 6592 4065
man 4142 1786 4603 1772 6291 5211 1779 6688 1780 6207 1785 1784 1782 1781 5976 5689 1783 1778 6677
mang 1788 6292 1789 1787 1790 4943 5771 4030 1792 1791
mao 1801 6722 1799 1793 4875 1802 1800 6309 1796 5482 1795 5529 1803 5543 5742 1797 5658 1798 1794 4196 6288 5261 5828 4625 3931 1804
me 1888 1805 6733
mei 1809 1811 5377 1821 6708 1816 5965 1810 1807 6054 1812 4650 1814 1820 1813 1806 1808 4938 4910 4238 1819 1836 1818 4707 1817 6143 1815 1838
men 4367 4863 5677 6688 1824 5743 1822 1823 5867
meng 6219 1827 1831 1829 6413 1832 5632 6602 6417 4313 1828 4822 1830 4070 1790 4329 5798 1826 1825 6274 6315
mi 3788 6739 1833 6459 1843 6431 1838 3997 1834 1840 1837 4702 6735 4352 4561 1842 5716 5603 1841 3944 1845 4860 1844 5060 4480 1835 1836 1839 4997 1846
mian 1847 1850 1848 4994 1852 4858 4929 1849 1853 1854 1855 5619 6602 5805 1851 4919
miao 1859 4499 1861 5213 5043 1858 1857 6047 5749 1860 1863 1862 5195 5292 1856 5808
mie 1865 6382 4479 3788 3785 1864 6318
min 1871 4199 4626 1866 1868 5232 5738 6678 1869 5239 1867 6602 4881 4829 1870 5201
ming 1877 1875 5498 1874 6484 1876 4218 1872 5830 1873 3946 4955
miu 5213 1878
mo 6106 1801 1895 1894 1777 1882 988 1891 6186 1890 1888 5966 5108 6566 1812 2807 1883 1886 1881 4299 6003 6733 2881 3993 4182 1889 1893 1805 1884 1880 1887 5124 6568 1892 1879 1885 4735 5418
mou 5816 6616 4484 3864 5213 1896 1898 6252 4080 1897
mu 1901 1910 5544 1904 1913 4187 1882 1899 5888 1905 1911 1902 1906 1903 1909 1897 4109 3833 1908 1907 1900 1889 1552 4857 1912
na 1914 5969 1937 1926 1915 6140 4382 1919 1920 1917 5579 1916 1918
nai 3854 1921 3784 5303 1925 1922 1923 4151 4257 1924 1939
nan 6472 1926 5618 1928 4517 5362 1927 6277 4585 4584
nang 4740 4582 1929 5503 4425
nao 5905 5776 6243 5325 1931 1930 1933 4458 3765 4117 4708 1932 5265 1934
ne 3953 1915 6068 1935 1916 1918
nei 1937 1936 1918
nen 1938 5733
neng 1939
ni 1949 4108 5822 5485 1943 1945 4779 5661 1950 1944 4699 6656 1935 3851 1946 1940 1947 5896 1942 1948 1941
nian 6625 4130 5445 6014 3500 1952 1953 1957 1955 3496 3759 1954 1956 1951 6657
niang 1959 1958
niao 4194 5609 1960 6419 5123 1961 1950
nie 1964 6206 4537 1963 3785 6550 1965 1966 4019 1968 2416 1967 1962 4351 6397
nin 1969 5733
ning 4456 1973 1975 3844 1970 6191 1971 5000 1974 1972
niu 5074 1976 4680 1978 4372 4772 1977 1979
nong 1982 1983 1981 1980 3863 4482
nou 6185
nu 5059 1986 1985 4458 4597 5129 5139 1984 5102
nuan 1988
nue 1989 1990
nuo 5943 4407 1992 3896 1994 1919 4498 1993 1991
nv 5732 5869 6398 1987
o 4568 1995 4530
ou 2000 1998 1999 4764 2001 2002 1996 5463 2249 3951 6182 1997 3768
pa 49 2004 2014 2003 2006 4290 5301 2007 2005 2008 38 5879 6357
pai 2011 2012 2009 2013 4475 3877 2014 2010 2107 4293
pan 2022 2021 2020 2016 2018 6169 4849 4878 2027 6144 4848 6312 2017 2015 2019 66 6551 669 4371
pang 81 2026 2025 2024 2027 6298 4306 2023 4661 84 4954 5020
pao 2028 4683 4361 2032 2031 5607 4744 2033 2034 2029 2030 6079
pei 1054 4918 2038 6586 2040 5657 4552 2042 5950 2039 2037 6492 2043 2036 2035 4596 2041
pen 4934 2045 2044
peng 2052 2049 2048 2059 2056 4775 2057 2058 80 2053 2046 4131 2051 2050 2054 6310 2055 2047 4562
pi 5824 2071 5468 4147 120 4420 4167 2062 2073 2069 1054 2065 2064 6569 6156 5166 2068 5109 5291 2060 4015 2067 2066 3761 150 4578 738 2070 2074 4445 5850 4741 2061 6221 2075 4129 4051 2072 5897 4022 52 4918 2076 6170 3836 2063 4984 6121 6269 4096 4034
pian 2080 160 5536 6548 2078 5601 2079 5198 5143 3992 6456 159 2077
piao 2084 4555 5154 3820 2118 2082 2081 5424 4243 6302 5831 2083 5210 5116
pie 2086 2085 3769 5553 4184
pin 5528 2091 6211 5111 5086 2088 2090 2087 5367 2089 4371
ping 2097 2099 5308 2092 2095 6624 2096 5089 3871 2100 732 2093 2094 2098
po 4876 4058 2118 2105 2101 5469 674 2108 5884 4015 3801 207 5861 2103 2104 6337 2107 2102 2106 6021 5238
pou 4387 2109 3934
pu 4565 6555 5551 2118 2122 2112 2119 2120 5469 2117 2114 5988 5275 2116 2121 2111 2110 2123 2115 4945 763 3921 97 102 5562 5984 2124 2113 4983
qi 2146 2127 6740 6262 2134 2149 2151 2135 2138 4331 5394 3783 4157 4285 1125 1136 2152 4099 4176 2136 2133 2125 2160 6461 1271 4556 2131 2130 2153 3577 5253 6552 5721 2128 2132 2139 2156 2144 2145 2158 6670 4219 3873 2155 6462 2154 3756 4852 4913 2159 2137 5329 2157 2129 6197 2141 2126 5251 2142 4505 5287 5182 4610 5740 4253 4608 5145 5779 2148 2150 4258 3787 5486 6249 2147 2140 1158 5639 2143
qia 2162 6704 1417 2161 6146 4462 2163 4278
qian 3875 2170 2956 2178 6213 4815 2174 2167 5737 2175 5002 2183 4201 5351 4010 5001 2165 5535 5581 4389 4225 4175 2172 2180 2182 4609 2181 6365 2185 4077 2176 4793 5874 2177 2173 3909 5219 4153 5005 2168 2171 2169 2166 2179 2164 2184
qiang 2193 1232 2190 4850 2191 2192 5942 6260 5115 5454 5990 2186 2187 6516 5667 5393 6425 2189 5963 2188 6167
qiao 2199 4812 2203 3822 4818 2198 6526 2195 1243 2197 2208 4001 2205 6687 5404 4629 2204 3971 2206 2207 2201 5220 2194 1448 4211 2200 2202 2279 5773 2196
qie 2211 4815 2153 4799 4043 2209 5080 3852 5954 6362 2212 5538 2210 6468 2213
qin 4753 6289 2218 2217 5405 2215 2220 2221 4173 4569 6174 4394 2214 4448 2219 4532 5939 2223 4940 2222 2216 6418 2224 6195
qing 6752 2236 2235 2237 2228 5401 2226 2227 2229 5792 6324 6649 2231 6579 6462 2233 2232 6261 4591 2230 2234 6360 4190 2216 2225
qiong 6612 6127 2239 6508 4028 4198 6336 2238 6241
qiu 5023 2247 6237 6664 2245 2241 2243 6760 4676 6446 4150 5514 2240 5033 2244 4083 5369 4930 2246 2242 6286 6214 361 3868 6421 919
qu 4673 4066 6246 2254 6749 2259 2248 4166 5793 5592 2252 4348 2249 6123 2256 5552 2257 6032 2253 2260 2251 6321 2255 2250 6466 2258 5525 4319 6610 4842 4611 5277 3078 5712 3958
quan 2268 4675 6352 5915 5189 3967 2271 6728 2270 5442 5838 2269 2262 4798 2263 2265 2264 6271 4215 2267 2261 2266
que 2274 2278 2273 2275 2272 2279 4846 2277 5736 4843 2276
qun 2280 5026 6737 2281
ran 6235 2284 2282 2285 4189 2283 6723
rang 2286 6016 2289 5726 2287 2290 2288
rao 4203 2292 5325 5082 2291 2293
re 2294 2295 2339 4498
ren 6141 4725 5429 2300 2299 2298 2305 2303 6010 2301 2296 2302 4213 3834 4280 2297 2304 3827
reng 2307 2306
ri 2308
rong 2312 2313 5572 2309 2315 2310 5389 2316 6276 2311 2314 4641 2317 2318 4685
rou 2320 2319 2321 6445 6691 6549
ru 2322 5924 4342 4298 4982 6210 2330 4900 5204 2323 4947 2325 2324 2328 4579 2331 2329 2327 2326 6168
ruan 2333 2332 5575
rui 6222 4326 4169 2335 5825 2334 5294 2336
run 2337 2338
ruo 6364 2340 2339 3876
sa 2343 5539 5644 2342 2341 5599 3760 3831
sai 2344 2565 2345 2346 2347 4577
san 2350 5547 4738 6440 2349 2348 4674 2351 4851
sang 2352 5791 2354 6208 2353 4408
sao 2356 2399 4133 6104 2358 5633 5220 2357 6668 5214 2355
se 2359 2360 5394 5920 3790 2346 2361 6013
sen 2362
seng 2363
sha 2371 3481 6422 5640 2369 2372 2365 4506 5917 4542 5539 6090 2366 2367 2377 6646 2364 2948 2370 2368 6588
shai 6487 2373 2360 2374
shan 2383 3481 4059 3817 4972 2381 6072 2388 2380 6313 476 271 2384 6400 5153 474 2382 6519 4115 2387 2379 5079 2375 5634 5866 2376 2386 2377 5722 6681 2385 2378 5121 2390 4177 4674 2389 3950
shang 2393 5690 5184 2392 2396 2394 2663 2397 4116 6572 2391 5420 2398 2395
shao 4067 6411 2399 4973 2403 2401 5286 2409 2406 2407 2400 2404 2203 6255 4200 2402 2408 2405 6358 3534
she 2413 5842 4942 2419 2410 2414 2417 3793 2421 4700 4391 2412 2411 5642 2459 3536 6742 2420 2415 2416 2418 3908
shei 2550
shen 4449 2437 3965 2426 6253 2431 233 2435 2423 3979 4923 6440 2432 2429 4247 2427 2424 2425 4280 5998 2430 2461 2433 2436 2422 5587 2434 5361 2428 4463
sheng 2446 2439 5487 2440 324 2442 2444 2447 6339 2445 2443 4651 5810 2438 2441 4919 2448
shi 5505 3481 336 3996 4429 4721 2462 6487 2463 2494 2454 2464 2483 2488 4234 2489 5440 2485 2467 2465 2453 5668 2452 2480 2470 2478 2491 6355 2493 2472 6659 2450 2449 2481 3590 2456 2468 2455 2473 2466 2486 3081 2469 6326 6505 2490 2451 2474 2492 2459 4121 2475 2484 3608 2458 2575 2461 2476 2460 6299 2495 2482 6643 2471 5708 3466 2477 2457 5486 4297 2479 5892 2487
shou 2519 2500 2496 2499 2504 4687 6414 5187 2501 2498 4366 2497 2505 2502 2503
shu 5167 6004 2534 2529 2506 3879 2538 2510 2530 2517 3767 2524 2526 2511 2518 3354 2536 2521 2528 2533 2527 4401 2532 2507 2535 2537 5083 4260 2519 3647 2513 2520 2512 5622 2508 2515 2531 2525 2522 2523 4758 4970 4087 6170 2516 2514 4868 5649 2509 5548
shua 4513 2539 2540
shuai 6308 2542 2544 2541 2543 1733
shuan 4926 4825 2545 2546
shuang 2548 4869 5125 2547 2549
shui 2550 2558 2552 2551 4851 2553
shun 2554 2557 2555 2556
shuo 2561 5891 2559 5065 2558 2536 2560 5387 4405 4308
si 5135 2573 2577 3926 4971 2569 2462 4872 6459 5709 6034 6343 4080 2563 6245 4460 5076 2572 2568 2570 3873 2565 2574 2564 5197 5956 6178 2571 2575 5159 2567 2576 3797 4853 2566 2562
song 2578 4652 4634 2580 6125 3943 2583 2584 4792 2582 4255 4915 2581 2585 4770 2579
sou 2587 4734 4524 2586 6282 2588 5646 4338 4559 4931 5959 5826 2589 4073
su 2622 2597 2596 2600 2593 2601 2599 2595 2590 3925 6627 4312 2594 3995 6576 2591 6381 2598 2592 4534 4814 4901
suan 2603 4695 2602 2604
sui 5044 2614 5823 2615 2611 2606 4244 2605 5695 5813 3981 2610 2613 2608 1961 4977 2607 2612 2609
sun 2618 4229 5382 6606 2616 4718 2617 4688
suo 2625 5092 2622 6426 5539 5820 2624 4491 2364 4548 2619 2620 2621 2623 3016 4540 2626 5346
ta 4831 2629 2630 6671 2627 2781 2628 6513 2632 5894 4948 2633 2635 2634 5037 5747 2631 4516 4962 5381
tai 4442 5672 5140 2641 2640 4341 4038 2637 2644 2638 2643 2636 5871 2639 6524 2642 5576 6630
tan 2661 2646 484 4052 2652 2660 4979 2647 5474 5952 2650 2648 2658 2649 2662 2645 2654 5728 2657 2659 2653 2656 5982 2651 2655 6195 5889
tang 6497 2671 3894 5267 5975 2673 5922 2668 6181 4802 2665 4953 6297 2672 2675 2664 2666 2674 4722 6303 4597 2670 5396 2667 2663 6428 2669
tao 4894 2678 2676 2682 2683 4434 5700 2681 2679 2680 2677 2684 4503 5284 2685 6718 2686 3781
te 5739 5727 2687 5927 4427
tei 4427
teng 2691 2689 5628 2690 2688
ti 4202 6045 2702 4366 2705 5025 2704 2701 5358 2699 2693 2700 2695 2692 2696 3883 6155 2703 4797 529 2694 5194 5180 2697 2698 6494 2706
tian 2713 4379 2711 4823 2709 4845 5890 541 2712 2710 2714 2708 5331 2707 5839 5421
tiao 4502 5918 556 2716 2719 5720 6131 6344 6724 6270 3860 2718 6596 4200 2715 6644 2717 6434
tie 2721 2720 4262 2722 6717
ting 2727 2730 2725 2724 2729 4210 5912 2723 2732 5105 5836 4291 6247 2731 6584 2728 5330 2726
tong 2738 2739 4207 2737 4113 3849 581 2743 4784 2733 2744 4974 2736 2734 4628 2742 2745 580 4550 2735 2740 3825 2741 3903 5765 3906
tou 2747 2746 2748 3927 5877 2749 6695
tu 4132 2756 5864 4267 2759 2752 2754 2753 2751 2750 2755 2758 6489 2760 4241 2757
tuan 382 2762 4368 5844 2761 5048
tui 2765 2768 2766 2767 2763 529 2764 4427 5687
tun 4723 2770 621 2767 5604 2771 5499 2769 3907
tuo 6482 2780 5314 2772 4747 5768 4879 2781 6604 6521 4107 2778 5894 4873 2782 2775 2774 5320 3771 3850 2773 2106 6366 2777 2776 2779 5402
wa 2787 2784 2783 3838 2786 2785 4447 5620 2788 5090 27 2789
wai 4643 2791 2790 4447
wan 6370 2804 2796 2793 2800 2802 2797 4274 5843 5163 2806 1853 2792 2807 2801 6272 2805 5258 5190 1782 2798 2795 3818 4155 4248 2794 2803 5608 2799 2808
wang 2812 2814 2817 2815 2809 2818 2811 3826 6713 2813 4803 2810 2816 5446
wei 5094 2835 2827 2850 2831 2847 4865 6094 2830 2843 4282 2823 2821 5028 4594 2844 4643 2825 4091 4904 2824 2840 2834 5682 5452 2841 4601 4025 2846 4645 2842 2820 3977 5665 2838 5282 2828 4023 2851 6633 3232 4705 2829 6605 5230 2848 4884 4706 2819 2836 2826 4583 2849 2839 6412 3891 2832 2833 2845 4335 2822 4827 2837
wen 6583 2853 5232 4863 3927 2854 2860 2858 2857 2856 2861 3810 5283 4839 2852 2855 2859 5281
weng 2863 4337 4302 2862 2864
wo 2868 2872 2873 3881 4937 4530 5571 2866 4447 2869 4235 2867 2871 2870 2865 4602 6601 5778
wu 4902 6614 3839 2890 2900 2887 2897 2901 644 6055 4174 4009 2875 2874 2878 6087 2896 5011 2884 2883 2882 5531 2880 5003 2894 2879 5150 5656 4092 2885 5675 6046 2902 2893 6757 2877 2881 4031 2898 5285 6256 4762 4742 4766 2889 3757 2876 2895 2892 2888 2886 5106 2891 2899 4489 5068
xi 2127 6452 2928 2925 5055 5702 2930 5638 2904 4767 2920 1519 6429 2913 6396 2922 6295 5408 2923 2926 3974 4914 2924 2907 2903 4909 4201 2905 5248 6304 6552 2916 2931 4462 4359 2936 4493 4838 5120 4026 6759 2935 3898 6155 4667 2927 2937 2932 2914 2909 5642 6126 6410 6501 2912 4049 2915 2917 6020 5723 4724 4254 6435 2933 2929 4287 2919 2910 2921 2906 2934 4315 4043 2911 5502 5520 2918 2908 6263 5725 3914
xia 5772 5310 2945 2940 2942 5034 4452 6747 2938 6325 2944 2939 2946 1036 2941 2949 2943 2948 4682 6103 5264 2947 2950
xian 3942 2976 5696 2954 2956 6223 2972 2963 2968 2955 6044 2960 4344 2951 6350 2952 2970 5039 2959 1218 5952 2973 5710 6430 2964 6528 2966 2961 2957 2953 5091 5555 2962 4170 2932 6529 2967 6591 2965 2971 2933 4693 2975 4242 2958 6483 2969 2974 6089 4613 4674
xiang 2986 2987 2991 4729 4158 6305 2978 4746 2977 5193 2985 5158 2982 2989 2992 4281 2995 2979 2984 2983 6637 2980 2994 6715 2996 1242 2988 2981 2990 2993
xiao 4468 4637 5179 3000 3005 3011 3001 2998 3004 3014 3003 5024 6255 3012 5085 5141 3009 5299 3010 4958 3008 3007 6712 2999 5311 6371 6359 3013 2997 3002 3006
xie 4988 4927 4072 4414 3024 3027 2152 3016 3017 3015 6631 3029 3026 4713 3019 5169 5383 5215 3022 1287 3018 3217 3032 3889 3035 5391 3028 4755 3034 6199 5042 3025 3020 3030 3033 3111 3021 3023 6563 3031 4074 4333 3932
xin 3040 3045 3036 4146 5477 5641 3044 5982 3776 3039 3043 6620 3037 3041 3038 3042 4758 4247
xing 3056 3048 3051 4214 3046 3057 3047 3058 3059 4421 4800 3054 4016 4722 3060 3050 4224 5770 3052 2444 3053 3049 3055
xiong 3061 3062 3067 3063 3064 4156 3066 3065
xiu 4736 3071 3076 2599 6567 4473 3074 6727 4622 3075 365 3068 3070 3073 3069 4951 3072 6038 4745
xu 3083 3089 4321 3970 3090 4898 3079 4091 3095 3374 5701 3092 3086 6171 5592 3088 4892 3080 3085 6444 3081 6495 3093 3087 3082 5340 5243 3094 4933 4071 5804 3078 3091 3077 5753 3084
xuan 6081 4968 3100 5980 5495 3904 5376 2270 3102 3103 3096 3104 5685 3099 4294 4397 4877 3097 3105 4936 5787 5273 5671 3101 3098 3988 5893
xue 3106 3108 4575 3111 3984 3107 3000 5046 6509 3110 6676 3109 5748
xun 4343 3123 3120 3121 3113 3124 4788 6638 3122 3915 3119 3125 4324 4217 4663 4225 6504 1104 4714 4123 3112 3116 5500 3114 6135 3117 4895 4630 3115 1412 4899 4044 3118
ya 3139 5324 4393 4612 5244 3136 4111 3128 3131 3141 3135 3126 3133 5558 3837 5010 3134 3127 3138 4437 3140 3129 3477 3132 5756 6083 5785 3137 6170 5081 5821 3130
yan 5256 3947 4635 3144 3143 4013 3799 3149 3146 3163 3817 3168 3162 5597 4928 5412 2167 3278 4003 3164 3148 3866 4841 3153 3155 4160 3142 3161 3167 5067 3158 3159 3150 3171 4270 3174 4053 5611 3154 4115 3147 6710 3169 3170 3152 4785 6351 3172 5114 3156 5679 3160 3157 3795 4939 3173 6716 4826 3928 3165 3151 3888 6758 5490 5849 6486 3166 4055 3145
yang 3190 3186 5674 3189 3185 5734 6685 3179 3184 3191 3187 3176 4664 3178 6251 3180 3181 4777 3188 4871 3182 3183 3177 5664 3175
yao 3198 3206 4642 3196 1990 5439 3199 4670 5918 6131 5246 3772 3201 2684 3194 3192 3205 3411 3193 5580 3202 3200 6056 5293 4438 3414 5223 6673 1805 3197 3773 1257 3204 3203 6463 6130 5501 3195
ye 3218 3143 4380 3221 2417 3985 3220 979 5906 3217 3215 3207 3208 4036 3798 4391 5673 3214 3213 3023 3209 3211 3212 3210 3672 3216 5488 3219
yi 4376 4202 5428 3272 4783 3225 3244 6124 3231 5014 3273 3254 3267 637 6138 3959 3270 3261 3230 3262 5207 3269 6458 3245 3243 3248 4782 3256 3268 6119 3265 5692 3227 3271 3237 3229 3222 3226 3258 3224 3235 3246 4097 4796 4658 4354 4474 4426 6450 3824 6268 4441 3859 5994 5138 3847 4966 2837 4128 3249 3241 3260 4358 3266 4148 4576 3257 6748 3263 4336 5663 3255 3252 3274 3832 3239 3236 3259 4728 4467 6401 6099 5639 3247 5435 828 3228 3234 3233 2462 6084 5812 4696 4181 4547 11 2417 3238 5860 5971 3264 4627 3251 2412 3232 6479 3223 3240 5507 3253 3809 3250 3242
yin 4449 4525 3286 3281 4099 3289 3279 5909 4928 3283 3278 4056 3275 4888 4694 3285 3290 4195 3284 3777 6228 3280 4137 4719 6589 6135 3282 4119 6598 3287 5559 3277 4076 6115 3276 3288 3145
ying 5270 3306 3304 4310 4757 6058 4250 3297 4989 6201 3307 3299 6323 5252 3300 3303 1331 3936 4944 3296 4557 5624 3294 4410 3291 4275 3305 6112 3295 4224 4047 5378 3293 3308 4197 3292 3298 3302 4957 3301
yo 3382 4507 3309
yong 3319 3320 3311 3313 3321 5227 3317 4143 4816 3322 3324 4521 3872 3310 3316 5978 3314 6679 4089 3312 3323 6024 3315 6719 3318
you 6074 5312 6284 3338 3327 3336 3807 4245 3855 3337 3326 6240 5567 3341 3846 3333 3342 4236 5416 3340 3343 3325 4459 3328 3334 5902 3330 6234 3339 3344 6621 6746 4998 3335 3329 4589 4239 6286 6463 3331 3332 6756 4362
yu 4592 3371 4749 6137 4646 6599 3365 3357 6328 6095 6283 3377 5069 3366 6064 4263 4521 3768 6043 3348 5522 3370 3381 5637 3367 3356 3376 3388 3372 4274 4861 3369 3870 3354 5746 5656 3352 5691 3378 4692 5483 3361 3364 3383 5693 3353 3978 5063 5075 3349 4726 3389 3384 4590 6096 3835 3368 4836 4731 3358 3345 885 3779 4395 3386 3346 6134 5880 3635 3362 5262 3351 3987 2849 3350 3375 3363 3379 6394 5613 3373 5745 3374 2840 3355 6581 3380 4311 6264 3347 5160 3385 6393 3360 3359 3382 3387 5681
yuan 6370 5263 6603 3403 3407 3399 3398 3402 3396 6026 4160 3397 6294 3400 2805 4856 3401 4400 4593 3404 5568 3393 4141 3405 3394 5104 3408 5410 3409 3390 3406 5811 3391 3395 3392 4125
yue 3418 3911 3419 3410 5887 3417 4472 3413 1557 3416 3412 5570 5319 2558 4990 3415 5400 3414 3411
yun 4790 3422 3426 5478 4681 5422 5561 3423 3427 4274 4807 5691 3400 4045 5283 5165 6354 3420 3424 4161 3430 3431 3421 3428 3429 3425
za 3473 3483 3433 3442 4375 4450 3434 3432
zai 3713 3435 3439 3438 3436 5226 3437 4644 3440 3441
zan 6442 6615 3443 3444 3445 3442 4375 6471 6388 5481 5280
zang 3446 4360 243 3448 3447 5134 5462
zao 3455 3450 3449 3461 3459 3451 4492 3454 3462 3458 3456 3453 3452 3457 3460
ze 5013 3465 3805 4599 3464 6409 3483 3463 3792 6340 3466 5476 4497 6361
zei 3467
zen 4000 3468
zeng 5467 3470 5854 5217 3471 3469 5929 3724 3472
zha 3474 3481 3473 3476 4436 4515 4778 4481 3750 6762 260 6078 5363 5764 4733 3482 3477 1518 3480 4392 3479 3484 3475 3483 4490 3478 6236 3486 3485
zhai 3488 521 4478 3464 3491 1159 3489 3487 5774 3490 3492 251 6113
zhan 3503 5659 3500 4406 3501 3497 3507 3508 3504 4004 3505 3502 3499 3496 3495 3498 3509 3494 3493 279 3506
zhang 5274 4654 3510 3519 4604 3522 3517 3524 6307 3512 4057 4709 3520 3514 3521 3518 3515 3513 285 3523 5119 3516 3829 3511
zhao 4502 6333 3526 3671 5352 3532 3533 3525 3527 3531 3702 3530 3528 296 3957 297 4986 5862 3529 3534
zhe 3543 3998 6059 6473 3538 3537 3542 5305 3771 3702 6254 3536 3539 5444 3535 3541 6299 3659 3540 3544 6166 4413 5789
zhei 3543
zhen 3555 3546 3556 3553 5203 4296 5379 3547 3572 5841 4094 4887 6011 3557 3558 5327 5512 6028 3559 5719 3552 3551 3550 3549 3560 5436 3545 4940 5361 6372 3554 3548 5591 5602
zheng 4631 3968 3564 5881 6649 6353 3566 3567 3568 3565 564 3570 5919 3574 4671 3573 3561 3563 3562 3569 3571 3575
zhi 3579 4168 3601 3591 6036 3584 3603 3592 5434 3595 6244 6564 5313 3597 5049 6577 3609 3774 5326 3594 6460 3613 4040 5629 3598 3604 5717 3576 3605 6537 2465 3618 3577 4126 6540 5149 5304 4046 3583 3614 4018 5508 3590 3600 3582 3617 2490 3589 4595 5315 3593 3607 3616 3606 6000 6085 3615 5711 3608 4763 6485 6517 5801 3588 4671 4411 3587 3612 5441 3585 5051 3581 3580 4720 3586 3596 3578 3611 3599 5593 3610 3602
zhong 6226 3621 6306 3619 6403 3945 3622 3625 6544 3624 3627 3620 4720 3628 3623 5997 4770 3626 3629
zhou 6392 3637 3639 3641 5171 3642 4502 3638 3634 5078 3633 5784 3635 3640 3636 5161 3631 3632 3630 5588 3643 4231 6463 6478
zhu 3652 3656 3657 3660 3843 3648 3649 3654 3858 6091 3655 3664 3667 3665 4179 5397 2528 2527 5670 6154 4209 3646 4965 4890 6408 6327 4912 3647 3668 3650 3651 5390 4041 6080 3663 3669 4970 3653 3661 3644 5911 6453 3782 3659 3645 6558 5302 3662 6738 6363 3658 3666
zhua 3671 3670 2865
zhuai 3675 3672
zhuan 4739 3676 4859 3677 6205 3673 4501 3678 3675 386 3674
zhuang 3684 3679 5744 392 4360 3681 3682 3683 3903 3680 3685
zhui 382 3691 3689 3686 4811 3688 3690 5200 3687 5147 6605
zhun 2770 3693 5578 405 3692 6128
zhuo 5757 3976 3703 3699 4917 4986 3878 5993 3704 3696 3700 3695 1262 3694 4905 5352 3701 4422 5678 3698 3702 1934 3659 3697 5724
zi 3579 5130 3713 6176 3706 3705 4470 5072 5226 5191 3712 5814 5345 6574 3709 3716 6597 3991 6436 3708 3711 3707 5509 6726 6334 3717 6002 4649 3715 6660 6470 3718 5448 3719 5953 3710 5735 4205 6578 3714
zong 6439 3892 426 5298 3720 5614 3723 3722 3721 3726 3725 3724
zou 3975 5137 6651 3727 5009 3728 3729 4020 5360 3730 4060
zu 3738 3910 5979 3732 3735 3733 4271 3731 3736 3734 3737
zuan 3677 3739 3740 5222 4424 6562
zui 3741 3744 3742 4327 1370 6574 3743
zun 5407 3746 6682 3745 4416
zuo 3749 3754 5715 3751 4494 4566 448 3698 6481 5589 6340 3748 3753 4014 4778 3752 3747 3750
